-1.04139 -1.1797 -1.1797
-1.32222 -1.72853 -1.72853
-1.61278 -2.30603 -2.30604
-1.90849 -2.89649 -2.89648
-2.20683 -3.4928 -3.49292
-2.50651 -4.09337 -4.09221
-2.80686 -4.69087 -4.6929
-3.10755 -5.31291 -5.29428
-3.40841 -5.6653 -5.896
-3.70935 -6.07145 -6.4979
-4.01034 -6.87858 -7.09992
-4.31135 -5.28355 -7.70248
-4.61237 -5.35366 -8.29496
-4.9134 -4.72094 -8.76884
-5.21442 -4.44254 -9.00412
-5.51545 -3.78287 -7.88256
-5.81648 -3.63947 -6.46338
-6.11751 -2.99729 -6.08117
-6.41854 -2.74536 -5.96573
-6.71957 -2.44446 -6.023
-7.0206 -1.54815 -5.92694
-7.32163 -1.20075 -4.56455
-7.62266 -0.105299 -3.399
-7.92369 -0.241602 -2.65352
